1 0 66
2 0 66
3 0 66
3 1 67
3 2 67
3 3 67
3 4 67
3 5 67
3 6 67
3 7 67
3 8 67
3 9 67
3 10 67
3 11 67
3 12 67
3 13 67
3 14 67
3 15 67
3 16 67
3 15 68
3 14 68
3 13 68
3 12 68
3 11 68
3 10 68
3 9 68
3 8 68
3 7 68
3 6 68
3 5 68
4 5 66
5 5 66
6 5 66
7 5 66
8 5 66
9 5 66
10 5 66
11 5 66
12 5 66
13 5 66
14 5 66
15 5 66
16 5 66
17 5 66
18 5 66
19 5 66
20 5 66
21 5 66
21 6 67
21 7 67
21 8 67
21 9 67
21 10 67
21 9 68
21 8 68
21 7 68
21 6 68
21 5 68
21 4 68
22 4 66
23 4 66
24 4 66
24 5 67
24 6 67
24 7 67
24 8 67
24 9 67
24 10 67
24 11 67
24 12 67
24 13 67
24 14 67
24 15 67
24 16 67
24 17 67
24 18 67
24 19 67
24 20 67
25 20 66
26 20 66
26 19 68
26 18 68
26 17 68
26 16 68
26 15 68
26 14 68
26 13 68
26 12 68
26 13 67
26 14 67
26 15 67
26 16 67
26 17 67
26 18 67
26 19 67
26 20 67
26 21 67
26 22 67
26 23 67
26 24 67
26 25 67
26 26 67
26 27 67
26 28 67
26 29 67
26 30 67
26 31 67
26 32 67
26 33 67
26 34 67
26 35 67
26 36 67
26 37 67
26 36 68
26 35 68
26 34 68
26 33 68
26 32 68
26 31 68
26 30 68
26 29 68
26 28 68
26 27 68
26 26 68
26 25 68
26 24 68
26 23 68
26 22 68
26 21 68
26 20 68
26 19 68
26 18 68
26 17 68
26 16 68
26 15 68
26 14 68
26 13 68
26 12 68
26 11 68
26 10 68
26 9 68
26 8 68
26 7 68
26 6 68
26 5 68
26 4 68
26 3 68
26 2 68
27 2 66
28 2 66
29 2 66
30 2 66
31 2 66
32 2 66
33 2 66
34 2 66
35 2 66
36 2 66
37 2 66
38 2 66
39 2 66
39 3 67
39 4 67
39 5 67
39 6 67
39 7 67
39 8 67
39 9 67
39 10 67
39 11 67
39 12 67
39 13 67
39 14 67
39 15 67
40 15 66
41 15 66
42 15 66
42 14 68
42 13 68
42 12 68
42 11 68
42 10 68
42 9 68
42 8 68
42 7 68
42 6 68
42 5 68
42 4 68
42 3 68
42 2 68
42 1 68
43 1 66
44 1 66
45 1 66
46 1 66
